# GENERATED by tools/gen-vectors.py from PyWavelets 1.8.0 — do not edit.
# swt wavelet level start-level norm x cA_n|cD_n|...|cA_1|cD_1 iswt(coeffs)
swt	haar	1	0	-	9.713 -7.829 -16.375 -2.523 -4.044 0.599 1.938 2.781	1.332189175755 -17.11481253184 -13.36290395086 -4.643570232052 -2.435982861188 1.79392990387 3.336836900419 8.834592124145|12.40406715557 6.04293455202 -9.794843132996 1.075509414185 -3.283096785049 -0.9468159800088 -0.5960910165403 -4.901664207185	9.713 -7.829 -16.375 -2.523 -4.044 0.599 1.938 2.781
swt	haar	1	0	norm	-13.195 16.978 -6.181 10.648 -8.622 16.348 8.468 -16.093	1.8915 5.3985 2.2335 1.013 3.863 12.408 -3.8125 -14.644|-15.0865 11.5795 -8.4145 9.635 -12.485 3.94 12.2805 -1.449	-13.195 16.978 -6.181 10.648 -8.622 16.348 8.468 -16.093
swt	haar	1	1	-	-31.546 7.839 -8.78 7.899 -2.839 9.984 11.901 -6.108	-28.51478805813 11.12844652231 -8.215873690606 12.64519056796 6.407801651112 2.740745883879 -13.89111271641 1.224001838234|-16.09799298049 -0.04242640687119 -4.200921387029 -1.474317638774 -10.42275395469 11.37876232285 30.72166832221 -9.862018277209	-
swt	haar	1	1	norm	5.048 -21.203 -4.077 -7.02 -13.8 -0.47 1.963 -3.064	0.4855 -14.1115 -8.9385 -3.745 -5.9185 -1.767 3.5055 -12.1335|4.5625 -7.0915 4.8615 -3.275 -7.8815 1.297 -1.5425 9.0695	-
swt	haar	2	0	-	-4.269 -1.371 -1.928 7.616 -1.267 -4.182 4.439 4.848 4.161 1.482 -11.418 -6.761 6.321 -5.914 5.026 -4.376	0.024 1.525 0.1195 3.303 1.919 4.633 7.465 -0.4635 -6.268 -5.188 -8.886 -0.664 0.5285 -4.7665 -2.495 -5.972|-5.664 -4.824 5.5685 3.046 -7.368 -4.376 1.822 9.4725 11.911 -4.748 -9.293 0.224 -0.1215 3.8785 3.145 -2.673|-3.988082245892 -2.332745271134 4.022023371389 4.489420953753 -3.853024850685 0.1817264427649 6.566900676879 6.37032499171 3.990203566236 -7.02581297787 -12.85449417519 -0.3111269837221 0.2877924599429 -0.6279108216937 0.4596194077713 -6.112938123358|-2.049195451879 0.3938584771209 -6.748627119644 6.28122953728 2.061216267159 -6.095967560609 -0.2892066735053 0.4857823586752 1.894339066799 9.121677477306 -3.292996279986 -9.250370911482 8.651451467817 -7.735748186181 6.648217956716 -0.07566042558696	-4.269 -1.371 -1.928 7.616 -1.267 -4.182 4.439 4.848 4.161 1.482 -11.418 -6.761 6.321 -5.914 5.026 -4.376
swt	haar	2	0	norm	8.771 8.95 8.177 -3.911 11.731 -0.529 1.222 2.01 2.214 4.405 -4.163 -12.931 4.074 -1.177 4.978 18.148	5.49675 6.23675 3.867 2.12825 3.6085 1.22925 2.46275 1.1165 -2.61875 -2.15375 -3.54925 -1.264 6.50575 7.68 10.21175 11.0115|3.36375 2.32675 -1.734 1.78175 1.9925 -0.88275 -0.84675 0.9955 5.92825 2.27475 -4.99775 -3.1645 -5.05725 -5.7795 1.35125 2.448|8.8605 8.5635 2.133 3.91 5.601 0.3465 1.616 2.112 3.3095 0.121 -8.547 -4.4285 1.4485 1.9005 11.563 13.4595|-0.0895 0.3865 6.044 -7.821 6.13 -0.8755 -0.394 -0.102 -1.0955 4.284 4.384 -8.5025 2.6255 -3.0775 -6.585 4.6885	8.771 8.95 8.177 -3.911 11.731 -0.529 1.222 2.01 2.214 4.405 -4.163 -12.931 4.074 -1.177 4.978 18.148
swt	haar	2	1	-	4.838 17.963 10.476 -6.53 -21.492 4.72 7.967 -3.237 -3.142 15.182 13.17 0.954 -2.697 7.082 1.639 16.602	0.8945 6.458 -3.0955 5.0675 -1.7485 8.8095 7.649 9.9905 4.485 19.91 8.475 21.3005 7.128 17.5585 -2.2695 16.3775|14.4195 4.975 -7.9205 -6.8775 -11.7765 -7.3265 -2.824 1.9545 5.543 -3.774 1.998 -13.2645 -8.186 6.1255 8.7465 18.1875|10.82863324709 8.084351829306 -7.789488301551 -1.279863273948 -9.563619215548 1.0486393565 3.411790219225 8.446390501273 7.090866801739 11.40987502123 7.405529319367 5.682310093615 -0.7481189744954 16.74711700562 4.579930621745 24.44114589171|-3.98666803233 17.3191663916 22.60478958097 -7.954951288349 -20.83065866697 5.626448657901 7.855249232201 -13.02419980268 -11.53432581471 10.06071528272 11.21966329709 -4.333150355111 -3.066015003225 -6.731656556896 -2.262034593016 -0.9623723291949	-
swt	haar	2	1	norm	-1.456 0.565 4.476 20.85 -10.458 10.694 3.643 -0.489 -3.179 2.757 -8.014 -8.598 1.689 -12.886 18.502 -1.421	-0.94875 7.905 -1.3795 8.453 -4.502 1.091 -1.46525 -4.804 2.2495 -5.037 2.68025 -5.585 5.80275 1.777 2.766 7.672|2.45875 2.8025 -1.6115 7.319 1.0945 4.0115 1.69725 5.938 -7.846 2.1165 -5.84275 -5.157 4.29275 -8.9305 5.757 -8.1|1.51 10.7075 -2.991 15.772 -3.4075 5.1025 0.232 1.134 -5.5965 -2.9205 -3.1625 -10.742 10.0955 -7.1535 8.523 -0.428|-2.966 -10.1425 7.467 5.078 -7.0505 5.5915 3.411 -1.623 2.4175 5.6775 -4.8515 2.144 -8.4065 -5.7325 9.979 -0.993	-
swt	haar	-	0	-	-0.022 9.133 5.254 -15.584 -2.324 8.009 25.144 -6.662 4.171 0.517 -19.984 -12.51 9.449 14.095 14.893 2.561 -12.919 -5.825 -5.585 26.454 13.754 3.427 13.401 15.429	8.113343207334 9.595792574092 6.54957656074 -2.373403911053 -1.286580788369 2.875803279086 5.027529214236 1.403253407265 4.664076328706 -1.378151116533 -3.620386719675 1.470428551477 15.24628286255 16.76833020906 12.99662263821 12.46912097944 17.0186460096 21.57842408808 26.86687570457 30.69904090521 15.83636347145 10.1519320575 11.77191369319 15.92369115893|-8.975306373601 -12.08551555065 -9.834087559352 13.15324679024 18.3752303693 18.80550484566 11.35613490586 -16.92990410856 -24.32588748638 -14.55155045004 -2.708218971944 16.86272896435 13.74368095253 -3.594930875552 -13.90879038594 -27.86142139231 -15.51604409958 -1.215163003469 0.03853731957467 9.631501466542 16.69832663772 12.64165503405 15.05642469181 5.143848279742|-0.6095 -1.7605 -2.3225 7.6225 12.0835 15.331 11.585 -10.979 -13.903 -11.264 -4.475 12.9635 20.499 9.315 -0.645 -10.884 1.0625 14.399 19.025 28.518 23.0055 16.1175 18.9705 14.897|9.7205 16.1475 -8.0075 -25.5305 -6.3985 17.822 6.897 8.488 18.591 -8.203 -28.019 -16.0245 3.045 19.673 18.099 0.526 -19.8065 -25.809 1.844 11.69 -5.8245 0.7105 9.8595 0.51|6.442449883391 10.17314526093 -7.304413049657 -12.66286823749 4.019902051046 23.44271111668 13.06874752989 -1.761402991936 3.314916590203 -13.76524770936 -22.97672774788 -2.164453857212 16.64812205626 20.49761137304 12.34184175883 -7.32421203953 -13.25400950656 -8.068088373339 14.75661141658 28.43134945795 12.14880160757 11.89919291381 20.38588850161 10.89439417774|-6.473562581763 2.742867204223 14.73469110637 -9.376235918534 -7.306534370001 -12.11627469563 22.49023828242 -7.660087760594 2.583768178456 14.49639612111 -5.284916082588 -15.52735780808 -3.285218105393 -0.5642712113869 8.720040825593 10.94601297277 -5.016215505737 -0.1697056274848 -22.65499416244 8.980256121069 7.302291729313 -7.052683035555 -1.434012552246 10.92550687611	-0.022 9.133 5.254 -15.584 -2.324 8.009 25.144 -6.662 4.171 0.517 -19.984 -12.51 9.449 14.095 14.893 2.561 -12.919 -5.825 -5.585 26.454 13.754 3.427 13.401 15.429
swt	haar	-	0	norm	-1.145 6.521 13.777 -5.752 1.891 -4.122 -1.507 -5.74 16.462 -5.441 -16.458 0.152 4.597 -14.247 3.826 -2.974 -15.263 -14.372 2.087 2.393 8.048 16.339 6.011 8.227	0.490375 2.69125 1.196 -2.583375 -1.845375 -1.507125 -2.77275 -2.106125 -1.760375 -5.726 -6.842375 -4.52425 -4.244125 -3.81275 0.0105 0.283625 1.68375 3.4485 6.060125 7.521375 6.50325 5.733625 3.176 2.23625|2.859875 1.418 0.2525 0.210875 -0.524125 2.780375 3.71625 -0.688125 0.439125 1.4385 0.353375 3.10625 2.044625 -3.35175 -7.20625 -7.914125 -7.9725 -3.9095 1.156625 0.676375 3.153 1.624375 1.7275 4.60875|3.35025 4.10925 1.4485 -2.3725 -2.3695 1.27325 0.9435 -2.79425 -1.32125 -4.2875 -6.489 -1.418 -2.1995 -7.1645 -7.19575 -7.6305 -6.28875 -0.461 7.21675 8.19775 9.65625 7.358 4.9035 6.845|-0.66225 6.03975 2.564 0.442 1.254 -4.08775 -4.567 8.15525 6.83175 -6.662 -1.664 3.7925 -2.6255 1.954 7.62175 -1.488 -8.52875 -5.6815 -4.97675 -2.97725 2.53725 3.817 2.2155 -3.304|2.688 10.149 4.0125 -1.9305 -1.1155 -2.8145 -3.6235 5.361 5.5105 -10.9495 -8.153 2.3745 -4.825 -5.2105 0.426 -9.1185 -14.8175 -6.1425 2.24 5.2205 12.1935 11.175 7.119 3.541|-3.833 -3.628 9.7645 -3.8215 3.0065 -1.3075 2.1165 -11.101 10.9515 5.5085 -8.305 -2.2225 9.422 -9.0365 3.4 6.1445 -0.4455 -8.2295 -0.153 -2.8275 -4.1455 5.164 -1.108 4.686	-1.145 6.521 13.777 -5.752 1.891 -4.122 -1.507 -5.74 16.462 -5.441 -16.458 0.152 4.597 -14.247 3.826 -2.974 -15.263 -14.372 2.087 2.393 8.048 16.339 6.011 8.227
swt	db2	1	0	-	-2.975 0.515 -13.425 8.49 1.083 -2.811 9.386 0.157	-0.560053893964 -5.113827045104 -9.218674550657 1.22476428675 3.161596097813 0.2550985555303 6.914117194906 3.930949050923|7.561093717775 -15.06102727273 9.521460108149 2.097897306371 -8.225971888131 8.265634749662 -0.1718964512589 -3.987190269838	-2.975 0.515 -13.425 8.49 1.083 -2.811 9.386 0.157
swt	db2	1	0	norm	2.026 -6.771 -10.036 -16.839 6.181 -15.623 -2.103 14.022	5.832191160334 -3.362964453563 -11.48317255197 -10.97848021604 -4.378233111513 -8.74666716256 -4.542285496854 8.516611832166|-2.18194195011 0.7020363362135 -9.860994434618 12.57868677054 -7.961689666012 -4.121994385035 9.365126050741 1.480771278279	2.026 -6.771 -10.036 -16.839 6.181 -15.623 -2.103 14.022
swt	db2	1	1	-	8.667 -19.326 6.726 9.131 4.494 0.898 -1.673 4.66	7.36811511291 -11.98545900294 11.03605290137 -2.097278071588 5.511127799622 8.706604858581 1.843190011159 -1.181576072774|1.729820554177 10.93328569212 1.938117234286 -1.045104760763 -7.463042336038 11.84898769093 3.795104547574 -21.73716862229	-
swt	db2	1	1	norm	16.53 3.725 14.955 7.445 -3.073 -10.539 9.018 -4.887	15.50877579203 2.678790270028 13.17882220316 4.452702909763 3.20622420797 -4.806790270028 5.536177796836 -6.580702909763|6.450322203164 7.859702909763 -8.78027579203 -6.085790270028 -1.192322203164 -3.173702909763 3.52227579203 1.399790270028	-
swt	db2	2	0	-	-0.347 -18.867 -5.145 12.235 -5.006 1.752 0.392 3.423 -3.677 -3.42 11.707 -2.414 -14.97 9.098 17.733 4.977	6.119940057134 -6.739130171264 -8.937110637212 -4.308994473467 -2.094806187457 2.816736416253 0.9540054521579 1.338200161828 2.010999113608 -0.8138590205913 0.4253547237685 -2.693569274273 -2.300632983284 8.471752775603 11.29325046129 9.399863585912|-11.69674759514 8.221529694854 2.993497034693 -1.400121519287 4.645922738676 2.520255427366 -8.513765821584 -1.418117740746 15.23026603386 -2.508278377721 -23.16971055759 -3.762704353731 19.64660752692 20.93362338525 0.8639306401715 -22.58618651598|-1.449675103499 -18.68668694297 -10.02571336964 6.401143101175 2.063422149781 -1.307240178473 2.417148689623 2.671120333982 -3.704257706361 -1.700293539809 9.537540460043 -0.8981050738003 -13.94407969124 3.711342539884 20.38840933354 15.09151452226|-13.86400218602 -5.93910016238 16.24727898248 -7.110339872308 0.8149937971996 -1.070143647547 4.324660059545 -2.242110279038 -8.133724375869 12.20137968331 3.029132756508 -17.8905596338 2.714072284642 12.32823683661 -0.8211812735962 5.411407030254	-0.347 -18.867 -5.145 12.235 -5.006 1.752 0.392 3.423 -3.677 -3.42 11.707 -2.414 -14.97 9.098 17.733 4.977
swt	db2	2	0	norm	9.424 19.472 -1.896 2.696 1.408 10.949 -7.355 -5.567 -3.492 11.762 10.882 0.364 -5.974 -4.781 5.037 2.804	6.651641686506 8.898439458826 7.557556994107 6.624225046603 4.549094653103 1.923974920658 -0.7761345778263 -1.37711439655 -0.057532443071 2.809758517343 4.664251282274 3.602088038033 0.2900461034622 -2.198922896827 -0.0124236985541 2.584051311914|0.3883565927244 -4.583833366072 1.043285241864 4.940878046369 -0.8292726130721 -7.957931838165 -5.803743337778 3.843399989695 8.719831595942 3.000308211139 -4.523774397585 -4.839237782969 -3.072905751022 -2.644969486041 4.078222668927 8.241386226044|9.79162403514 14.18896243618 5.826773559946 0.1684611021158 4.161918238983 6.300939045567 -1.174170141479 -7.43445258925 -3.098275844045 7.456177099584 11.05792043963 3.422231227165 -4.62802625465 -4.326402102194 0.9287359664732 3.09058378083|10.41507975028 -5.990741349238 -0.3674475269979 -3.160114930832 8.518322067699 -4.313551261115 -1.936557925931 -4.52697452184 4.303901267046 4.767801676583 -0.5455583365361 -2.95438087593 -3.634626605885 3.326250758341 -1.920612689674 -1.980789495969	9.424 19.472 -1.896 2.696 1.408 10.949 -7.355 -5.567 -3.492 11.762 10.882 0.364 -5.974 -4.781 5.037 2.804
swt	db2	2	1	-	-6.248 3.699 -8.306 -0.52 8.716 6.646 12.099 19.762 12.168 12.643 -17.578 -8.164 2.657 -9.238 3.22 -13.77	-8.388743820816 -11.85574181008 -0.7960000644109 -1.619889425093 3.721727765046 10.92742121612 9.135321728147 21.63027043228 11.75274382082 17.38474181008 4.160000064411 7.148889425093 -0.3577277650457 -5.398421216122 -5.771321728147 -16.10127043228|0.1316257187223 0.3538927608228 22.02339203789 22.14513638995 11.97884586714 22.42927026538 -12.09207024533 1.105023467422 -3.947829811369 -15.97194967142 7.116748581594 -15.58640447461 -8.162641774493 -6.81121335478 -17.04807037415 -7.663755382765|-6.661085651942 -4.532736004732 -9.577744559667 0.2837605001272 4.416847735837 8.101753166437 19.33265868363 23.63135698099 11.73825665616 19.48596334835 -8.648739265188 -1.01189092027 -4.736604316228 -15.2357937237 3.651239565045 -15.08403977448|-10.1738569449 -2.691899041059 4.1179974821 -4.346956747456 3.365555572238 9.0027678883 14.82840241314 9.229398043947 -20.28062444701 -7.758949620399 3.032829080745 -0.8835523548502 7.390345109381 -10.17816892311 -2.280648265689 7.627360754628	-
swt	db2	2	1	norm	0.601 -6.839 0.353 0.274 -2.018 7.639 1.067 8.55 3.5 -2.463 -1.787 -0.209 -5.11 1.743 -14.755 -23.431	-5.119721308572 -7.375315770429 -3.514496452162 -4.917848959282 -1.274857435568 -0.2790150360192 1.44946346695 5.264959380901 0.5824713085718 3.691315770429 -1.022753547838 1.233848959282 -3.262392564432 -3.404984963981 -5.98671346695 -8.948959380901|-0.3629604307084 5.43716425514 1.111916647317 5.409734750819 4.207824303712 1.65913647927 3.852043271796 4.773073589364 -2.350495559572 2.311194327178 -6.324260286584 -8.804184010983 -1.494368313432 -9.407495061587 1.360300367472 -1.378624329201|-4.442822816966 -12.70273699818 -0.003430401447661 -1.745135509428 -1.224267579096 6.192590596828 0.6602270810796 7.294901285195 2.619028807246 1.270378415858 0.6785240407152 1.455584769591 -6.026438411184 -2.12823201451 -10.40982072035 -14.37335054536|2.152883083222 0.7813291001798 -1.668990667703 2.181022388568 -0.2765965099451 4.662703717688 2.696091170121 -3.439643029321 0.03571055604581 -1.110879840016 1.979284677423 9.29133619375 -7.959497129322 -11.78115297785 3.041114820159 -0.584715552997	-
swt	db2	-	0	-	-7.004 1.678 5.944 -11.109 -9.071 -5.362 -2.083 18.476 -8.818 12.181 -3.459 0.759 2.754 -8.094 -6.656 0.486 3.907 -3.02 -6.003 -16.563 6.445 -14.859 -11.333 -6.015	-19.46507815845 -17.57896135636 -14.48467994805 -14.66638450476 -13.51636696128 -9.371541771896 -4.174313666041 -0.3989248641732 -0.233715768119 2.089265096365 2.38994312177 4.419086088415 3.117892999604 2.060430057889 -0.2437999811707 -2.475931526734 -3.925290079487 -8.134387746059 -11.52934717977 -13.37678558971 -13.22561004438 -16.31297229204 -19.20597035884 -20.74922761514|-6.115326668412 -11.296298431 -4.050172051165 7.140581473829 7.883277661847 15.02185980286 9.446869133527 3.042820430179 2.050398113555 -4.734394332261 -2.051042716461 2.434836656354 1.957776835693 7.117716932644 4.32405154178 -2.627692303149 -2.659190260854 -11.64262077653 -11.99944834538 -4.119318286879 -3.11693568183 5.533736804284 4.329742437701 -5.871227970334|-13.11988206922 -5.497470471155 -3.921553858312 -10.14862591029 -9.856765460117 -11.76804093662 -5.21500879364 4.504996309447 4.817351238844 10.53946796847 6.289493443306 1.600217640542 0.1111605051576 -5.914043693744 -5.19544379561 -2.900120715128 -3.647549157527 -2.178759835426 -6.273587953813 -12.01438692828 -11.71381505713 -18.59065303153 -19.09339904193 -14.45158039629|14.7077397647 0.5832254883608 -11.89060157418 -13.43283947945 1.047423705197 10.30503168898 4.182409454742 3.001507604113 0.3334436444277 1.361101532133 4.965535038 -5.902807824332 -10.74724260605 0.1205237685701 10.33024186918 7.848811532589 -6.594068529988 -5.683734386921 6.522383276128 -0.3509781897077 -7.451269482363 -6.44887242792 -5.405994559793 8.59903069358|-9.157078905414 0.7909236516714 4.466524226658 -7.761443229581 -13.8855737783 -11.72421902156 0.9503046748344 10.89662545719 4.724746012023 5.057302660548 2.803192721122 0.6290800460877 1.71746406574 -6.995477713301 -9.87362342141 -1.541507375728 3.60292005688 0.1585311465278 -11.02669462826 -13.3869425813 -4.471922768986 -11.0789239604 -17.098426267 -12.29211709226|0.881244731853 10.86775879691 -6.461363363572 -3.277588222891 -0.008569259531007 -8.289953044441 20.87502773302 -17.13109408184 11.44570410213 -4.849242032469 -1.496187742903 6.490370062147 -4.271675852768 -4.344745850641 1.058953083178 5.479233058633 -0.5656759900816 3.149018835954 -15.23156311606 17.05703375426 -6.257574370087 -4.078707985303 2.814145228791 -3.85454847429	-7.004 1.678 5.944 -11.109 -9.071 -5.362 -2.083 18.476 -8.818 12.181 -3.459 0.759 2.754 -8.094 -6.656 0.486 3.907 -3.02 -6.003 -16.563 6.445 -14.859 -11.333 -6.015
swt	db2	-	0	norm	-16.14 -19.532 4.735 -7.874 0.09 -9.239 9.443 11.234 2.26 11.496 8.184 -0.774 -6.727 12.34 -12.237 7.621 -3.895 7.954 -4.229 -5.99 7.447 -6.044 5.43 -11.291	-6.715485399663 -7.778509359297 -6.940262785054 -6.196743893358 -5.316999503367 -4.353407974771 -1.647899527408 0.7011412672507 2.641803712346 3.893410844776 4.628803482682 4.062844475483 3.382349291796 3.555823516781 2.206252582574 2.291801248578 2.106431687317 1.917848514522 0.3442093023726 0.166649417875 -0.03259978842907 -1.16966554201 -2.525603055166 -4.960192515829|-3.561162417184 -2.858093232874 -0.3898701258747 3.597040780547 4.877444149564 6.020737530224 5.53538006842 1.724098750419 0.4729154530706 -0.7759974351449 -1.724053360484 -0.3815856250793 -1.321617798832 -0.3076794090363 -0.1416217211158 1.216310346384 4.226933055227 3.483136701643 2.661156531355 -0.3797705397566 -4.694512441846 -5.562104154812 -5.940991392301 -5.776093712514|-10.08821399564 -11.02611337032 -9.967433538458 -8.242153832201 -4.623787988746 -3.045582814857 0.8158587775527 5.135865227606 6.636717447857 8.227615809143 7.558878823304 3.60461271712 2.062020367762 0.9886035985927 -0.8242312360769 1.019775953339 0.3455604566714 0.9822015275514 -0.105928329843 -0.16539350063 1.733203712098 -0.06122475011113 -1.411644496479 -5.287206565234|1.270567934617 3.389374268882 -1.942026173083 -4.298207137475 1.49110098507 3.36129680021 0.3521787401663 4.239530306388 4.519582820447 -2.980413946637 -2.231444418649 0.9055066169528 -2.190388985219 -2.099722829406 1.97306181166 2.979813614989 -1.321351105262 -2.641621458138 0.2961239880478 2.638723074328 6.262553739944 2.177134124725 -8.479959337738 -7.671413434819|-16.93184123785 -15.59422611533 -5.125734039185 -2.180796830814 -4.964202731358 -4.965518423319 4.004130595926 9.176065454898 6.246441713047 8.939699303104 9.259734125066 0.1416869126502 -1.167814292594 2.365018463828 -1.459777509478 -1.016317594458 1.946341506351 3.252527678809 -1.415963596054 -3.253986810696 0.9045096528094 0.8619521332725 0.8351758133218 -5.595104171946|-9.579048914147 10.06241403667 -3.651421960526 4.023109168897 -7.98351506944 3.205199377479 5.221949641766 -5.233764782794 2.618891040943 3.076366549114 -0.5095817271513 -8.819465485265 12.61521428002 -11.1811315236 6.648335550293 -5.108375635273 6.069034736081 -1.360098563623 -6.143892711239 7.805369496598 -6.061623033093 7.344315513556 -1.474341833507 -1.583938151761	-16.14 -19.532 4.735 -7.874 0.09 -9.239 9.443 11.234 2.26 11.496 8.184 -0.774 -6.727 12.34 -12.237 7.621 -3.895 7.954 -4.229 -5.99 7.447 -6.044 5.43 -11.291
swt	sym4	1	0	-	1.231 12.016 -7.485 4.191 2.227 -15.895 17.636 -4.357	5.704609118294 1.28795509675 0.03391927878833 -4.43306579669 -3.234536563052 5.810305209028 4.258777421228 4.09757474619|1.281238180274 -11.84000174579 13.46330042371 -7.825964782398 -3.805994059672 18.99294537571 -23.42180765938 13.15628426754	1.230999999998 12.016 -7.485000000001 4.191000000003 2.226999999998 -15.89500000001 17.63600000001 -4.357
swt	sym4	1	0	norm	-7.656 -0.785 9.981 0.371 -7.18 -3.204 -19.052 10.421	1.195945167739 5.969972054652 1.23519150356 -6.156611765023 -9.978057393492 -6.905448015094 -1.005079277794 -1.459912274547|8.485580467726 1.256496958945 -6.630388051508 1.890208665705 2.532443571842 -4.427884733183 10.96736401195 -14.07382089146	-7.656000000002 -0.7850000000048 9.981000000006 0.3710000000037 -7.180000000002 -3.204000000006 -19.052 10.42100000001
swt	sym4	1	1	-	-7.482 -32.674 6.205 4.874 -1.829 10.332 -3.153 -2.172	3.044638498127 2.108886518983 -0.7160505739717 12.87639332893 -7.470419841567 -15.99646370147 -3.709730769482 -26.76397051145|5.867820665661 28.67457303421 -9.62850973775 -17.90706622424 2.874140470151 -10.96579080616 0.8865486019443 0.1982839962151	-
swt	sym4	1	1	norm	-4.894 -8.063 -0.882 -1.647 9.526 -0.309 -1.789 -6.694	2.140083252861 -1.735856153202 5.324805963354 -2.002404664932 -1.159583252864 -6.620643846798 -4.344305963351 -6.354095335068|3.008805963352 2.183595335072 0.1759167471376 -2.450143846795 -6.660305963353 -2.168095335065 3.475583252862 2.434643846801	-
swt	sym4	2	0	-	-6.319 -4.053 9.511 19.862 3.905 -0.676 -6.301 -6.099 -0.224 -10.244 10.288 -16.027 9.141 7.425 -4.236 2.529	15.48569137514 9.074583987797 0.3575740604765 -8.395026787348 -10.87843953367 -9.981779366458 -6.135065907553 -0.1705102222053 1.380822790555 3.114213441451 1.663800659915 -2.946646153117 -1.747074632033 2.033981937215 8.354691187148 15.75318316268|5.629097948451 -15.69455572637 -20.73069603104 -1.567140773597 12.31236328112 9.43320966064 2.665430503215 -0.9015474682149 -3.319566113509 0.5649739714299 3.576024750795 -6.833747841184 -9.80458088697 2.361554465363 9.671926547934 12.63725371193|-1.249630688407 16.71493029558 21.80069236572 8.270878724629 -4.539144459807 -7.849222063933 -6.708293383972 -5.425337170712 -2.735550086439 -3.695125139076 -4.344828355622 5.303078651445 8.116809535161 0.1863289258838 -4.342375208626 -7.507852505782|5.009494483438 5.285181009942 -3.525024227481 -9.500348613634 6.591599453147 0.2055161949383 1.297579672583 0.7542535571465 -5.113486783158 9.538385867278 -16.73490161859 21.14572840728 -12.27823354038 -3.47402896727 8.455575467649 -7.657290362897	-6.319000000011 -4.053000000011 9.51100000001 19.86200000002 3.905000000008 -0.6760000000051 -6.301000000007 -6.099000000007 -0.2240000000068 -10.244 10.288 -16.027 9.141000000008 7.42500000001 -4.236000000004 2.528999999994
swt	sym4	2	0	norm	-1.373 0.335 7.857 8.45 -4.658 17.048 10.551 14.848 -3.2 21.366 -1.564 -4.727 -4.727 -5.939 -6.644 -5.1	6.402593106426 8.15123891147 10.05587669648 11.28828990991 10.83166790147 8.655007451209 5.433207939484 0.6691417197559 -3.471162670611 -5.774946375283 -6.880997374804 -5.791098515856 -3.132348337283 -0.4005499874111 2.022662738861 4.46441688619|-1.963102104964 -2.719205776726 2.176549430631 4.306406826689 -2.313087845986 -4.469307415204 1.34638523527 0.3716549577793 -4.598628066304 -0.3204479074424 4.628629626479 1.854145715328 0.03234903139118 1.066020942932 0.6909046934667 -0.08926734337328|3.020030100708 6.683886009478 3.768208632422 3.529028472149 11.6254530617 14.16450189568 8.208827687454 8.11434054911 10.52361317655 2.697713697575 -5.330960600226 -5.512980276324 -5.695877353092 -6.472411446308 -4.857794705495 -1.942578901376|-0.1826497612895 1.476302494053 -3.04245574874 -2.174500601755 10.03870516531 -8.766111445086 2.199868220078 -3.172494130818 10.89113043715 -14.00661583502 6.421466842124 1.518497922943 -1.794495684751 -0.05579419980669 0.4879305300988 0.1612157954772	-1.373000000001 0.3350000000019 7.857000000008 8.449999999999 -4.65800000001 17.048 10.55100000001 14.848 -3.200000000001 21.36600000001 -1.563999999997 -4.727000000009 -4.727000000004 -5.939000000002 -6.644000000004 -5.100000000001
swt	sym4	2	1	-	-7.075 4.71 -3.986 10.035 20.382 -1.21 17.949 10.555 -21.094 -4.872 -2.715 -26.927 -4.668 4.012 15.126 -0.477	3.371806859162 -5.448109640841 -4.296509828419 -13.48190091783 -5.422448164831 -15.49388252747 -4.411561904913 -5.294236809477 3.587693140869 3.361109640851 11.25600982837 11.39490091783 12.38194816483 13.40688252746 11.37106190493 3.207236809486|0.586723931025 -5.526055092906 -26.55789543229 -7.768854820709 -9.380978955008 -4.51971779371 26.44284335577 15.95651892906 18.39112026069 23.37470996202 -10.77527162245 0.7326187982531 -9.596865236715 -13.3289370754 10.89032369897 -8.9202829066|4.368245802013 8.051726747654 25.31804849555 9.121338940652 11.40667987417 5.122277024529 -16.1665756592 -14.10871588037 -12.8664984786 -22.148363493 6.001596735684 -5.621700587477 6.933792089775 6.022896016141 -5.310850284725 7.657613822532|14.56931394789 1.028970916443 8.690174920265 -4.42391033601 -16.28306508264 9.012450163688 -10.84689265542 -13.30308963763 25.55734624303 0.6039055343983 -8.998937203349 20.38730898369 3.612654098406 -17.33031412387 -16.3005942682 4.024678499287	-
swt	sym4	2	1	norm	-15.27 -29.612 0.194 1.195 -8.871 1.051 2.91 -0.322 7.176 19.947 6.645 -1.48 -2.117 5.438 6.212 -16.154	2.377381814579 7.269121095858 4.905623530889 7.300793172419 3.270841647032 -0.594488777561 0.1733098689315 -7.529423022387 -3.157631814571 -12.25337109587 -5.685873530896 -12.28504317242 -4.051091647026 -4.389761222436 -0.9535598689391 2.545173022393|4.184857659054 -1.61466972191 0.9509166282099 -7.039943300403 -3.291397826599 -6.248940151511 -5.683230290166 -7.790272894402 -3.137075635004 -5.409942166786 -0.1759531096607 3.034652744377 2.243615802551 13.27355204021 4.908266771619 11.79556345044|-6.938286790582 -5.198574203999 -3.515500984961 2.742409355046 2.548657956872 6.608775688302 7.013677584095 10.74025937045 5.11025476654 7.238936092696 1.960287466406 -3.721368799013 -2.281125932816 -18.61763757701 -7.018964065553 -19.72979992648|9.692873840223 11.21230607344 -7.119297205256 -11.67385167285 5.562485145176 1.289001687038 -2.098204390058 6.581259199391 -1.707087358771 -10.6032655174 -0.5936707706943 8.045489784155 3.973228373373 -8.690542243064 -7.710327633991 3.839602689313	-
swt	sym4	-	0	-	-2.534 -3.435 0.425 8.988 7.717 7.638 -15.749 -0.092 -2.134 8.49 7.536 -5.716 3.91 -6.436 -4.421 -7.246 0.751 2.027 5.494 -0.655 2.587 -0.211 -5.528 11.236	1.209480329379 0.5915634892635 -0.109084390718 -1.38785954396 -2.951378108356 -3.95690572766 -4.176668383025 -3.473016771144 -2.543905540921 -1.24408172882 -0.1389298064571 0.5875935886365 1.622714052674 2.94490955986 4.381926206572 5.543777755103 5.804047175419 5.122140203441 4.717636161071 5.269887919209 5.798286019578 5.481618131684 4.264364140322 2.398860979889|-5.62717572389 -2.783473080188 2.933334211477 7.869724417511 4.362766483388 -1.059167659817 -7.26450636149 -9.19403564238 -2.531884686062 4.883472324091 11.0850109271 11.29276471875 4.629515663284 -1.604733178902 -6.815026134365 -7.720856802392 -3.857047212427 -1.185764505255 2.310989415426 4.840453175536 3.023825475701 1.749666100063 -2.249802058151 -7.088049867033|7.619895655746 4.941911312379 0.1703470302456 -3.717071416263 -1.355635452399 2.317967101115 6.123919858071 6.375658946396 0.8178645112912 -4.726970933798 -9.136948381042 -9.289430986414 -4.793589313812 -0.3961060160816 3.61250334149 5.022697496385 3.219411016217 2.299098038124 0.5805181554004 -0.8056408744374 0.813053582966 1.885100498267 4.970659995839 8.734786834314|10.58044728485 -0.09966924988482 -13.49693345448 -12.28107107766 5.03888076423 18.3861809058 9.730235942896 -7.632222354372 -13.63269931247 -5.493867317119 3.074649666829 2.684814089117 3.266687991524 6.727988479283 3.606239241141 -3.735421418684 -6.930532320348 -3.545563216584 0.3618137569639 2.40917507832 4.804813287075 -0.3079826144581 -6.403602848223 2.887638696237|-5.207129611117 2.915322977014 12.89241114815 13.07358255321 -0.2428889919833 -11.87410023712 -7.214883142219 4.406949721247 10.26506859832 5.81856530097 -0.6965724702729 -2.006083607051 -5.304642235964 -9.324990897415 -6.838228514742 -0.01342673194612 4.977471057364 4.507233824399 2.378335126254 0.5452385158872 -2.229802391595 1.349287546056 6.160105355577 -0.458335037499|6.137155368586 2.926684531685 0.8767265028877 -3.664451795485 -0.6746521207405 -7.011437513468 15.41762971649 -7.825431157327 3.846552243066 -4.859528665797 -2.979493798875 9.572772374271 -8.695457982408 4.267628562921 -1.386738650403 3.513609819317 -2.77897883421 0.4103889001746 -2.593440172163 3.720775771309 -3.067270364203 0.632157963275 7.589271612105 -13.37447231102	-2.534000000001 -3.435000000008 0.4250000000002 8.98800000001 7.717000000013 7.638000000001 -15.74900000001 -0.09200000001099 -2.133999999999 8.490000000011 7.536000000008 -5.716 3.909999999999 -6.436000000005 -4.421000000011 -7.246000000008 0.7509999999998 2.027000000006 5.494000000004 -0.6549999999978 2.587000000002 -0.211000000004 -5.528000000004 11.23600000001
swt	sym4	-	0	norm	-23.706 -1.092 1.832 -9.721 11.745 -10.813 9.357 -3.729 -10.434 6.654 -5.041 2.166 2.054 -9.775 16.517 14.559 2.364 -21.589 -6.995 -6.899 -17.879 -7.801 20.667 -13.402	-0.01248908163525 0.8460118923134 1.618002130291 1.726565722954 1.461423564507 1.03557948548 0.4089874294962 -0.2964660574138 -1.267212032609 -3.000001270732 -5.084604739844 -6.300715307489 -6.996848838366 -7.282488796756 -6.785412290289 -6.491230130262 -6.34042388576 -5.466135621591 -4.153522390461 -3.045975415456 -2.084699726147 -1.373215688723 -1.243700139208 -0.8324288122993|-2.436665938945 -3.740411046223 -1.187440621307 -0.2740077115869 1.752837084719 3.445235632175 1.928328846618 1.605127685669 -0.582944536074 -4.090257332115 -5.89289158363 -6.740616987306 -3.988222890116 1.029171403834 5.610571479094 7.61652824072 5.132910239259 1.470514150528 -1.421881374147 -2.47092476042 0.1220860411684 1.885747191813 0.9633132533834 0.2638935329349|-0.816869367572 1.357433111672 -0.4342327429245 -0.6394543849557 -1.937712633544 -3.275262871019 -1.932175597332 -1.714786481372 0.5517213555662 4.133788097174 6.052709015316 6.574011205771 3.120432533119 -2.86053186981 -8.525248795027 -11.27206101419 -9.468276752233 -6.751191981035 -4.736387693309 -4.06913236148 -6.689545135346 -7.844484486991 -5.664914186738 -4.118826963736|-0.7585372214794 -5.329781624706 -1.256236383213 -0.9410709915698 -1.191836644663 -0.695270478474 1.969047330496 2.900616703484 -0.6485740893829 -1.480035072445 1.308902126545 4.692014672843 1.945189690564 -9.82441021921 -11.47566610494 3.960390730431 11.22545617715 2.709285390067 0.7445027337156 3.474982857326 -7.939435337792 -12.55194952804 6.077187723027 13.08522756032|-4.816077312406 -0.02263116202418 -1.298350659274 0.1676045159278 0.8987440319386 0.8948588493566 -3.256872213007 -4.67689853621 -0.4132711391509 0.7577693630867 -0.2468412807951 -2.885464519379 0.3018546421461 13.2799865146 14.12889896291 -3.695304930939 -14.52202861088 -10.07669658473 -10.80367612155 -13.33718752057 0.678265813953 7.098624552545 -11.13114611392 -17.98516054164|9.325637901321 -9.263334793095 -2.54441318411 9.13315053174 -11.34860938746 11.62669631859 -9.817573047663 2.820749617096 6.374877374865 -8.737846386043 5.498495332853 -3.038470751842 -1.950909336875 11.56466341702 -9.315593252298 -3.574578921519 0.08023581246606 10.90147628062 -7.460294685795 -3.311242372622 9.210179168513 2.0213577373 -19.01353269579 10.81887932278	-23.70600000003 -1.092000000001 1.832000000005 -9.720999999999 11.745 -10.813 9.357000000006 -3.729000000002 -10.43400000001 6.654 -5.041 2.166000000001 2.053999999999 -9.775000000003 16.51700000002 14.55900000003 2.364000000001 -21.58900000002 -6.995000000008 -6.899000000006 -17.87900000002 -7.800999999997 20.66700000003 -13.40200000001
swt	coif1	1	0	-	-8.932 -9.326 2.062 -9.844 -12.687 3.595 6.617 4.553	-10.1431062062 -9.592144754629 -3.665715488347 -12.2655176098 -13.46178362013 1.849404714317 10.32691262389 3.064564959318|4.721796585368 -10.31720468821 4.622408958883 9.019965489765 -6.129018293611 -4.137723389565 -4.571418056956 6.791193394328	-8.932 -9.326 2.062 -9.844 -12.687 3.595 6.617 4.553
swt	coif1	1	0	norm	-3.606 3.965 1.769 -3.78 14.568 2.905 11.931 -18.494	-6.176382000512 2.994447822898 0.3891916776662 1.622999729492 8.170016794302 9.6644089971 2.246173528544 -9.65285654949|-4.22663503695 -0.1220692145641 6.634195286 -8.456363306842 3.898778216952 -10.21529599165 13.726661534 -1.239271486948	-3.606 3.965 1.769 -3.78 14.568 2.905 11.931 -18.494
swt	coif1	1	1	-	8.167 -9.856 4.353 8.415 12.024 1.201 -18.258 -8.828	1.005705096588 -8.183767693099 13.62651513441 5.744766856604 3.43916812995 1.771723401299 -9.18164190787 -12.1568111484|0.6506778845288 -11.86477604777 -13.27148792235 -2.063758501929 23.45883492681 6.036801957234 -10.83802488899 7.891732592469	-
swt	coif1	1	1	norm	-2.437 11.822 4.717 -17.568 3.653 -2.494 -6.149 0.704	-1.962334951901 2.762983982811 3.915006766353 -8.648412011661 1.854334951901 -6.530983982811 -4.023006766353 4.880412011661|-3.307006766353 13.31241201166 -2.570334951901 -1.901016017189 4.631006766353 -0.2164120116607 1.246334951901 -11.19498398281	-
swt	coif1	2	0	-	-0.996 -20.281 -3.531 -4.465 5.606 -10.275 -6.124 5.304 3.614 11.57 -21.488 11.856 3.043 19.678 -8.428 -14.08	-18.19654827552 -20.88499453492 -13.47016829644 -9.251021669194 -6.652346251358 -5.418654969626 -0.7586736792704 0.5830741151512 1.765071666754 3.243258562505 2.235099203954 8.868060355479 8.585322860126 8.561890942036 -2.504757228245 -14.69861280144|3.974947612378 -10.56573175544 -7.010637101972 8.200616370274 8.705971400897 -6.188843740596 -14.60375715498 1.312158223916 17.99552646003 3.306751233214 -20.15624448672 -18.20041050675 5.292864486545 12.66244059094 5.801328783826 9.473019584434|-12.47249255592 -17.72545657107 -11.75619060628 -0.5240047839294 -0.06448515974164 -9.340438003392 -7.503457912192 4.085879810795 11.14896953815 1.519712464985 -10.6398884576 1.877690211953 16.5701634977 14.73884432222 -5.786593678182 -15.13620278563|14.49769115617 -5.747995190667 2.1352057751 -10.35455838738 8.964747598127 3.799371529946 -5.651369434942 1.022173337975 -14.39013425823 27.18021160069 -15.13367802116 6.260725348896 -18.27891704352 9.964517714913 8.332528893111 -12.60052061903	-0.996 -20.281 -3.531 -4.465 5.606 -10.275 -6.124 5.304 3.614 11.57 -21.488 11.856 3.043 19.678 -8.428 -14.08
swt	coif1	2	0	norm	-14.001 -6.266 2.516 -6.261 -5.268 -8.025 3.281 -9.862 5.132 -15.217 -4.089 -9.292 14.334 -1.074 1.097 12.329	-3.591216883159 -3.988461186975 -4.063742239456 -5.157788302756 -4.407122264145 -3.50411639097 -3.588105722067 -4.559103089917 -5.163376447605 -6.048162971447 -4.894033693686 -2.261049384465 2.995215594908 3.374240549391 2.379381655209 1.811440777139|-3.30785382936 -0.4698199250329 2.91151432258 0.1902460673429 -1.664949367243 -1.87368743968 -1.039059424535 3.807885651626 6.528565559975 -0.2525356489216 -5.929043450817 -2.085676964588 -2.863390768426 -3.519843508718 5.364216957826 4.203431767972|-7.316607916047 -6.691824281124 -0.6043728580966 -3.908331555222 -7.044693625291 -4.431346951119 -2.447828463463 -2.524250168868 -3.259192709221 -8.233903923304 -9.618857546462 -1.852193570768 6.146365845505 3.074688633195 3.812187273076 4.234161817211|0.8683563151596 -5.845450882012 2.620539478767 -0.07791493455173 3.331184884935 -6.455918191476 6.927468893943 -9.366234738389 8.571947383522 -2.785899249004 7.019151781229 -11.412149336 5.011897938736 2.112139917437 -11.01554667629 10.496427414	-14.001 -6.266 2.516 -6.261 -5.268 -8.025 3.281 -9.862 5.132 -15.217 -4.089 -9.292 14.334 -1.074 1.097 12.329
swt	coif1	2	1	-	3.183 8.23 -6.59 8.615 3.742 0.427 2.093 -16.305 12.398 2.092 -5.55 5.557 11.57 9.366 1.115 2.527	0.9887512092684 11.21677141415 1.969075239028 5.118772902458 2.433531679335 -2.162275924824 6.519140192859 -5.682611331541 9.991748790732 -0.9622714141494 9.011424760972 5.135727097542 8.546968320665 12.41677592482 4.461359807141 15.93711133154|2.811824459721 8.09501675603 -6.450532944081 20.66057080578 -4.256604929788 5.284030582943 1.90046799025 -9.85918657178 -3.301612181609 -6.484035093618 -4.392752558362 -0.9591518573028 4.746392651676 -6.895012245356 8.942817512193 -9.842232376696|-0.5922160158298 10.72914187948 -3.530183057448 11.25950125414 0.7227433750541 -3.837929693289 8.522237889 -14.12916546149 8.01026980716 -2.338979333944 3.627208359147 9.922532170999 7.387974855254 9.949820123107 6.909508830938 7.449185011704|8.160076942546 -5.181929543919 -3.903573225194 -1.84667490965 2.912180054275 15.6743260302 -10.42314469034 -5.603708239142 13.58754754695 -1.776650977655 -10.52302277467 -3.986615448381 3.500723016983 5.229107323158 -3.310786870545 -2.507854234607	-
swt	coif1	2	1	norm	6.351 -1.11 -5.25 3.853 1.636 -13.546 2.878 -19.384 3.696 7.367 5.263 4.211 10.22 -1.999 3.44 -0.558	2.95792181891 -3.092201478649 0.6317749603411 -4.842650808827 0.7466469410805 -6.930373222325 2.574859116955 -6.733823137276 4.10057818109 -2.199298521351 6.426725039659 -0.4488491911729 6.311853058919 1.638873222325 4.483640883045 1.442323137276|2.393643618124 8.441178186893 -0.1379724337666 8.787810052948 -0.1823687402947 -4.603006443216 -1.805111722847 -6.896637724499 -3.171562499715 -0.1280682577579 -2.046754199857 0.6116637783965 0.9602876218855 -3.710103485919 3.989838356471 -2.502836106845|2.580329723708 1.260121999113 -1.568196263032 -0.6847533524685 -0.05985984099708 -12.88932297103 3.017943238501 -13.31011029211 3.700251394701 1.761487930022 6.441969629408 4.792727183813 7.896278722588 -0.7152869581061 6.225283395122 -1.380863539235|5.496060623135 -6.864917764633 -1.248743416189 4.911450882012 -0.4763620202182 10.18662455851 0.4804088772859 -9.552433704623 0.5816660104885 -1.887056066711 -3.422175465402 2.754159047123 2.184635386595 -0.1396507271706 -3.595489995695 0.5918237754887	-
swt	coif1	-	0	-	-4.668 16.699 0.777 -13.216 -5.459 0.076 11.01 -9.943 -3.796 0.989 -3.325 8.538 15.103 14.238 -11.738 4.741 7.989 -3.431 4.519 -12.515 19.979 5.491 -8.229 -16.876	-4.987676013761 -2.69903226316 -5.619747015582 -8.615502098064 -9.564647710536 -5.594899165049 0.4009861280169 0.1356381529883 1.264247604052 3.440848851063 6.826064661849 12.24126219872 13.15902563278 12.76707007492 10.4025368347 12.0542948815 9.717219040437 5.251974042825 4.78747298446 2.368030530076 2.399412708488 -1.178380279146 -4.809732331987 -6.196142403759|1.584857884764 4.752544864918 1.895648698763 6.887922105534 7.480940462596 3.583425622237 -2.835563971383 -11.18271254192 -15.78634109011 -12.89475567042 -1.569715470416 1.061968006392 7.251366485189 5.063722844587 -4.881621708135 -3.201940280022 -6.22453629174 1.130940088444 7.499016650621 6.385166593278 5.693712549304 -1.635877749768 -0.1077641994496 0.04959611674178|-6.297217361729 -0.5202649161767 -2.347878299188 -3.616082088038 -4.596639252917 -4.86583123216 -1.116206591051 -4.547383312635 -4.708768243252 -0.6266807433424 5.799249603325 13.52711511569 16.9696125103 14.56277599843 6.354363602842 5.706247742359 0.8008587059403 0.4274785907537 6.319953817725 4.463632777294 6.308653641661 -0.5009776975076 -6.532982133653 -7.057030234668|-6.67487347344 17.5275342591 10.72951575781 -9.976036089533 -11.26343772364 5.823824161855 9.081072268357 4.288033691628 5.329275546711 -6.551667792632 -20.80094074895 -4.801487384246 15.24975573172 3.843694349932 -7.271818420455 0.3138894328276 10.1863788661 3.963933901603 -18.74580796913 -15.25640976801 15.92061317501 25.54511346618 -1.739733010093 -24.72042222871|-2.506399480534 15.23296846944 1.954001111381 -14.49848179352 -9.792230918351 4.201417977457 6.243443870961 -6.243222235735 -6.908067300766 -1.853400546145 -0.2599391025265 11.04463130264 22.26241879361 11.63375518078 -4.997686062737 2.293716792983 7.813687615468 1.766131658675 -4.243288984789 -1.474762730156 15.4520841067 10.4760428954 -13.03044238695 -20.59121571036|-17.83094178649 0.82639694127 11.01521909704 0.1893614465705 -0.1420986449666 -13.18351896253 11.59475089393 0.3015933501318 -3.70220931155 7.078456176497 -2.288738386976 -5.890487203498 -9.27467765294 18.63504192358 -5.310550137913 -6.893843547834 7.145162952362 -7.44207139915 19.18475605829 -20.21084710092 -1.98125070737 4.736287651799 10.94479733445 2.499411016233	-4.668 16.699 0.777 -13.216 -5.459 0.076 11.01 -9.943 -3.796 0.989 -3.325 8.538 15.103 14.238 -11.738 4.741 7.989 -3.431 4.519 -12.515 19.979 5.491 -8.229 -16.876
swt	coif1	-	0	norm	19.607 11.172 0.199 -7.677 14.708 -8.364 3.789 -27.561 6.344 7.286 -27.089 -9.269 4.789 6.641 14.38 8.911 -16.337 0.463 0.963 -7.413 6.637 1.553 5.718 0.167	6.139341850404 5.145069353346 3.987101260405 2.033875963793 -0.03967218399672 -2.424925195049 -3.970258387088 -5.329073192467 -4.218651642462 -4.165472127077 -4.79236586507 -3.037151439002 -1.532297794094 0.05401305561104 1.104268424333 1.102878155579 -0.7185652079418 0.2225277737308 2.007389604665 2.205400475209 2.77409497809 3.573037139438 4.068114962755 5.428320036888|1.016874950024 3.200119561625 1.288902209094 4.95519406462 4.919424083448 4.322299184601 6.99897145939 1.358176095865 -3.487149452971 -5.04619639249 -7.719637289976 -4.12068117596 2.321595716101 3.57313919891 4.915777170489 4.295135455278 0.7130393174122 -0.5882327066838 -2.973129250428 -4.755679198235 -5.483784614014 -5.461128845963 -2.510884298569 -1.732145241568|8.881565797717 8.181474064949 4.545488674029 3.053542417845 -0.1698943309221 -3.633072197975 -2.818324172452 -7.280748896253 -7.071939476075 -6.778814720268 -9.914748003525 -3.867629767846 1.607026252546 4.078186375123 7.397053431115 4.344681493894 -2.364736507177 -2.634843882229 -2.832480001814 -1.904953959574 1.522228263911 3.1913203604 6.027260072648 8.059358711935|5.408272388483 3.509921669807 -4.438556034554 -3.661844453343 5.371533859916 7.877891568556 -6.4218210808 -6.166874837323 11.77119002126 8.818327684787 -3.7990700675 -7.806452211664 -10.11974345011 -1.458219276416 8.884996395451 3.404034820605 -0.4268202646835 2.041429800134 -0.8683868972346 -1.414525717695 2.693123072638 0.107674243439 -8.054717942869 -5.251363290887|14.68119755512 11.69741271431 -0.972150372057 -0.7643218640408 4.856415861561 1.245053435409 -8.377995915941 -13.62832131368 0.5231371653516 0.3773303990088 -17.75857336135 -11.63244299323 3.034712862087 9.260472001142 13.26968066545 3.985912601731 -8.300833467296 -3.512714827886 -0.8445234898942 -2.599693186712 2.307175650678 4.233721968325 2.390256846286 6.146091065628|-1.801276282657 2.849083986777 8.123846329029 -12.87306340707 8.135780590451 -9.977875112579 18.94405740689 -10.68988482273 -11.07444397106 16.9767110933 0.006155630957856 -4.557110723625 1.016971645231 -5.224030991541 -5.049753324949 13.10015244223 -4.577143423334 -2.823254218516 6.601382463704 -5.309021712903 1.852835751063 -1.552829129934 6.721087184676 -8.81837740341	19.607 11.172 0.199 -7.677 14.708 -8.364 3.789 -27.561 6.344 7.286 -27.089 -9.269 4.789 6.641 14.38 8.911 -16.337 0.463 0.963 -7.413 6.637 1.553 5.718 0.167
swt	bior2.2	1	0	-	6.544 -3.201 6.02 -6.152 8.952 20.184 8.078 -1.392	2.82489159084 2.380474978865 0.3390577015789 -4.23397862905 11.96389318429 28.76298253833 12.47265651335 0.6910201019146|6.705493605992 -7.563567684962 9.643522281822 -1.368958728377 -8.251229029666 0.9319667376039 6.153950316667 -6.25117749908	6.544 -3.201 6.02 -6.152 8.952 20.184 8.078 -1.392
swt	bior2.2	1	0	norm	3.207 10.225 -1.456 16.802 -1.707 -27.416 0.717 0.203	5.104625 5.980875 5.47725 13.959625 -3.841375 -22.935125 -6.453 3.282125|-4.67475 7.48475 -9.19175 -1.8 13.4605 -7.16175 0.8795 1.0035	3.207 10.225 -1.456 16.802 -1.707 -27.416 0.717 0.203
swt	bior2.2	1	1	-	4.776 -2.273 -6.609 -1.623 -12.447 3.089 -0.544 29.619	6.937424630221 6.395073729051 -9.529678090051 -11.90484976806 -17.41957555453 13.9780868505 -0.9524728342583 32.2780103476|1.961160657621 1.43613387259 6.272390702515 7.713827875964 -2.327441970276 -20.65529618524 -5.906109389861 11.50533443669	-
swt	bior2.2	1	1	norm	-14.314 -3.869 -14.272 24.72 3.165 -1.942 12.894 14.678	-11.87125 7.43325 -16.71475 13.41775 5.60775 9.36025 10.45125 3.37575|4.34875 -13.81275 -1.927 10.8205 -9.23425 -8.79175 6.8125 11.784	-
swt	bior2.2	2	0	-	7.962 -12.32 -10.091 -0.659 17.636 -1.686 -0.883 5.6 5.378 -0.454 0.423 -6.631 -6.139 0.416 0.363 2.587	-1.4165 -11.11365625 -11.19440625 -1.914625 10.1991875 10.01984375 9.69715625 10.9729375 4.1675 1.03490625 -2.03634375 -12.065375 -12.1991875 0.80990625 4.28459375 3.7580625|23.396125 -6.9963125 -22.299125 2.060875 12.2555 -3.818875 -7.3371875 -1.64175 0.9195 6.7035625 5.974375 0.1825 -1.546125 -10.829375 -11.3630625 14.339375|6.723524828912 -14.16087395343 -19.81702109614 4.444519673148 19.81666754275 3.261353251528 -3.621093826456 7.907221580619 7.604933431661 1.751680273694 -1.92173945457 -9.047431265282 -8.847673599597 -0.8860047968267 1.124476558782 7.791609621895|7.958840375645 2.546645072443 3.133543700828 -13.29961789395 7.11526198569 2.00818325857 -2.370575483928 -1.983434521228 2.37198969749 -2.804031940795 2.667913885417 2.143594207167 -2.33628080504 0.8050410703809 1.114046733759 -9.071119342452	7.962 -12.32 -10.091 -0.659 17.636 -1.686 -0.883 5.6 5.378 -0.454 0.423 -6.631 -6.139 0.416 0.363 2.587
swt	bior2.2	2	0	norm	4.758 -5.852 30.347 -1.742 -0.771 -21.558 1.855 12.978 -4.394 -3.016 9.478 -9.219 -17.494 -5.686 -10.951 4.997	7.476546875 9.79290625 13.760671875 1.828375 -2.596140625 -7.870375 -6.637265625 4.22675 3.389578125 3.50809375 1.230953125 -10.926625 -12.337484375 -9.498125 -12.421859375 0.804|-12.55625 -8.08728125 10.2780625 14.0720625 -3.10846875 -10.77596875 2.78021875 1.8154375 -8.1139375 0.83803125 8.329375 4.3768125 -0.53634375 -3.53778125 2.92734375 1.2986875|0.93025 3.980375 20.363375 9.51375 -10.4285 -17.302 -0.108125 12.1705 -2.221625 -1.460875 6.78575 -7.8305 -16.662625 -10.848 -6.7935 3.64175|11.70225 -17.072 8.265 -5.4395 11.05 -3.0725 -7.12375 4.6875 2.779 -7.79775 2.6055 5.02075 -4.26825 5.30325 -4.04675 -2.59275	4.758 -5.852 30.347 -1.742 -0.771 -21.558 1.855 12.978 -4.394 -3.016 9.478 -9.219 -17.494 -5.686 -10.951 4.997
swt	bior2.2	2	1	-	-4.957 10.251 14.994 12.751 -5.38 3.469 -15.461 5.216 0.383 7.123 4.443 15.93 -0.335 -8.004 -18.826 -2.666	-8.49325 10.59825 -0.96775 12.2835 -6.5895 20.798 -3.68725 19.01525 -4.07625 11.43675 -11.60175 9.7515 -5.98 1.237 -8.88225 3.01975|0.722875 6.06425 25.56325 9.066625 -1.67475 -11.164125 -24.2035 -12.4325 0.418125 15.84475 28.16075 17.064375 0.53375 -10.744875 -29.5205 -13.6985|-5.602230250646 15.24009567822 18.30999976874 17.9244497963 -5.062884553296 6.96040560061 -21.60158183516 4.207108571365 -2.478939598145 15.83300471424 10.7906262576 16.13405542633 -4.631902970162 -6.87131014618 -25.27500156343 -7.103417947105|-14.25704047567 -4.16556604797 3.639125049377 3.899340344853 9.165871651131 0.05656854249492 -4.166273154751 2.439518395094 -3.124704866063 -11.57569156141 -4.848277645206 10.34921484945 11.4409877196 2.679581147306 2.150311721588 -3.68296566981	-
swt	bior2.2	2	1	norm	11.012 0.48 1.492 15.185 10.506 7.448 -2.838 15.951 -3.561 14.425 -0.755 9.372 -7.477 6.417 -24.475 -5.249	1.029125 0.850875 2.900125 8.56925 7.717125 11.766875 6.528125 17.825625 -5.053125 15.156375 -6.924125 7.438 -11.741125 4.240375 -10.552125 -1.818375|-3.7590625 -1.621625 2.7424375 -1.44725 0.4150625 -3.836375 -4.5564375 -3.1809375 5.9700625 2.141625 11.2825625 8.37475 -2.6260625 3.316375 -9.4685625 -3.7465625|2.134625 1.110875 9.912625 12.033 6.611625 11.506875 -0.484375 14.361875 -3.947625 15.416375 0.088375 10.90175 -12.846625 3.980375 -17.564625 -5.282125|4.6335 -5.6105 -5.5895 4.06 3.15525 -2.50725 0.88225 -0.88175 -2.382 0.5245 -2.569 -2.17775 13.12125 4.34875 -11.25175 2.244	-
swt	bior2.2	-	0	-	3.786 -4.287 -7.595 -15.803 -17.225 -8.453 -17.799 1.651 -14.733 -12.514 1.645 9.414 18.778 -8.732 7.682 19.496 7.89 -10.106 1.151 5.246 -11.215 -7.924 -24.133 -4.101	-19.45298263781 -23.0326057564 -33.22408055093 -43.46782048027 -42.78755061114 -34.03323167948 -31.11066544021 -29.01126540687 -28.61733511422 -14.71789732031 -0.1959127725625 17.1410031041 30.4884832883 25.10273819813 31.20036856453 27.9471249439 16.9996922333 6.679877557989 2.349367804764 -4.743808142557 -18.77155819589 -22.14013203738 -31.16032864305 -30.00648505576|13.95440982187 12.12099242369 16.60332021254 6.782822361641 12.83214297178 5.248323306662 -5.112006377501 -6.209215131034 -20.33168434741 -15.40514986891 -10.31528477249 -14.78918252269 -7.865480183442 -4.153467892886 -6.946263464986 8.866765482689 19.17802858536 14.12481150759 17.88299566125 -3.20870694196 -17.76741684816 -11.93550947615 -12.11276125881 8.557516751354|-2.04125 -7.00721875 -11.30021875 -29.47275 -32.00025 -26.42940625 -28.0884375 -19.6838125 -22.49021875 -11.56825 2.084625 9.28984375 23.31459375 18.13740625 17.79875 20.7011875 11.61271875 4.27071875 4.33684375 -9.71759375 -22.33609375 -21.34375 -28.7720625 -15.057375|3.488875 8.961625 5.7615625 2.9574375 -2.722375 -9.4098125 6.1953125 19.3146875 0.7178125 -23.6161875 -10.5520625 21.393625 5.0055 -26.849625 -4.5694375 20.683 0.4125625 -15.3398125 -3.84875 13.4411875 19.427625 -1.6651875 -19.316625 -9.8709375|6.658824558434 -2.375171678006 -12.7828996136 -23.28467275108 -22.35659510078 -18.84687059236 -15.63413093203 -6.044171988887 -16.61170605702 -19.85644229919 -0.06629126073624 20.96147342149 18.50940388103 -5.017276165909 7.239359225788 29.51428349334 10.12700654346 -11.89636448668 0.09033289129658 5.193345754425 -8.779437795212 -21.10448576799 -28.53511737809 -9.384897976603|1.684681906177 -1.732411613907 2.399213308566 3.604123263708 -6.405680330769 10.18092343552 -12.66923219852 6.577153725207 4.221427483684 -2.259206165891 0.5639176579963 -13.03692772474 15.52947912842 -1.626345596729 -8.280220407694 -2.259206165891 10.34249733503 -2.532149383429 -7.267643497035 6.983386570998 -6.894291116569 12.81312842849 -4.293905928755 -5.642712113869	3.786 -4.287 -7.595 -15.803 -17.225 -8.453 -17.799 1.651 -14.733 -12.514 1.645 9.414 18.778 -8.732 7.682 19.496 7.89 -10.106 1.151 5.246 -11.215 -7.924 -24.133 -4.101
swt	bior2.2	-	0	norm	-9.29 18.144 -2.588 -3.63 9.679 1.325 -0.083 6.771 11.893 -16.563 -18.548 19.901 -10.396 -19.823 -1.228 -17.226 -1.371 -1.281 1.979 7.014 11.114 -4.498 0.812 -6.61	-0.24083984375 5.309529296875 3.32867578125 -0.8712734375 3.410998046875 5.03007421875 3.3811328125 4.890560546875 2.359212890625 -6.8432421875 -7.392423828125 -4.130625 -9.83390234375 -9.54859765625 -7.4963671875 -8.798908203125 -5.181248046875 -1.529162109375 1.000873046875 1.9390234375 3.360029296875 1.4556484375 1.052359375 0.84547265625|-2.97390234375 -2.30179296875 -3.79916015625 -1.002640625 -2.68928515625 1.176796875 3.19753125 -3.3493671875 4.0293828125 4.72190234375 2.7979140625 10.106015625 2.64790234375 -4.3496015625 -3.909546875 -9.64316015625 -6.62410546875 2.838015625 1.96024609375 4.84125 5.6100078125 -2.0853203125 -0.246984375 -0.95209765625|-5.03984375 5.577640625 2.40921875 1.04803125 4.871359375 4.5758125 4.85640625 2.739828125 2.886953125 -5.6331875 -7.893046875 0.4210625 -9.85459375 -11.135 -7.852375 -15.295171875 -6.478609375 2.250796875 3.379953125 9.41265625 7.488984375 -1.7618125 -1.02590625 -4.45215625|-0.03071875 5.42134375 -3.28240625 0.13796875 4.32175 -8.57271875 -7.89990625 14.253375 7.50559375 -15.00090625 -2.84125 9.3805 1.59259375 1.05565625 1.12125 -0.65265625 -0.133125 -4.62175 -4.48190625 0.33959375 2.38640625 7.260375 1.74171875 -9.00078125|-3.862 11.9185 1.638875 -3.383375 7.016875 3.000125 -0.73475 9.9355 8.800625 -17.42 -13.263625 12.238 -5.3055 -18.107625 -8.712375 -10.93125 -5.748875 0.46775 1.699625 9.256125 8.615625 -0.4425 -2.396 -8.78275|-12.0415 4.9225 3.58775 -5.41575 1.7365 2.0655 -0.433 -8.3945 6.61775 10.1085 -17.1865 5.2175 7.0055 -8.64825 7.96325 -3.94125 0.7925 0.44375 -0.23375 -4.928 5.2305 -3.183 1.1855 7.5285	-9.29 18.144 -2.588 -3.63 9.679 1.325 -0.083 6.771 11.893 -16.563 -18.548 19.901 -10.396 -19.823 -1.228 -17.226 -1.371 -1.281 1.979 7.014 11.114 -4.498 0.812 -6.61
swt	rbio3.3	1	0	-	2.391 -4.413 5.278 -1.283 0.009 10.207 1.837 7.594	1.203142188189 0.6546041026834 1.340144127044 2.061746597245 5.515786446646 7.731328768798 7.228575847375 4.839969140527|-5.82739956628 10.02173602141 -7.012819890765 0.4592658543807 9.711537115338 -7.237856623878 4.960088904981 -5.074551815185	2.391 -4.413 5.278 -1.283 0.009 10.207 1.837 7.594
swt	rbio3.3	1	0	norm	-2.861 4.527 -19.178 7.32 -1.048 11.537 2.397 -5.692	-2.484 -4.93675 -4.011875 1.396875 5.148 4.38275 -0.151125 -2.341875|3.61728125 -16.63553125 15.61775 -2.0920625 6.76021875 -6.61396875 -6.80425 6.1505625	-2.861 4.527 -19.178 7.32 -1.048 11.537 2.397 -5.692
swt	rbio3.3	1	1	-	-7.136 4.165 -20.911 -5.159 -14.332 -1.587 8.774 7.147	-15.85669279141 0.4557303204747 -18.40086299012 -1.577908782218 -7.905630590361 2.772919242423 -5.361460391652 4.806558345116|-22.77979850932 -12.97753075512 12.60311771448 4.842974344347 29.37781188457 12.56033775422 -19.20113108973 -4.425781343447	-
swt	rbio3.3	1	1	norm	-2.783 -4.135 -9.209 5.93 5.264 5.523 -16.208 15.314	-5.865 3.27775 -3.85325 5.69225 -5.603 8.03825 -7.61475 5.62375|0.5485 5.101 7.4985 4.557 -14.4975 4.827 6.4505 -14.485	-
swt	rbio3.3	2	0	-	7.316 6.25 10.849 -2.266 9.193 -2.367 11.046 8.006 -0.111 -4.766 -14.253 10.554 10.655 0.849 -11.122 -15.988	5.8233125 8.4118125 9.42459375 9.49403125 8.5038125 6.320375 3.9203125 1.35975 0.323875 0.145 -0.24484375 -1.10278125 -2.7285 -2.9546875 -1.1775625 2.1715|3.2455078125 -3.9236484375 -2.954390625 1.27546875 2.9491640625 -4.1305703125 -12.6948359375 -9.9480703125 5.8543671875 17.5027734375 5.984765625 -15.51684375 -19.5972890625 -1.7303046875 17.2127109375 16.4711953125|6.286002508053 9.96083644988 7.281785632659 5.173016434465 5.172132550989 7.643117197845 9.66579614543 5.297113674564 -3.690743844403 -8.240268874557 -0.9206530291049 8.878255967883 6.000508145149 -6.390831088364 -12.93386691138 -5.460278564323|0.7767788962203 -2.497258083195 -12.45234929048 8.350688017857 -8.448732792486 13.76043054441 0.8967881752398 -8.243495049247 -8.8371995804 -7.634764498993 28.1297242216 4.752950812267 -13.55950173312 -16.73993545238 -2.981803005003 24.7276788177	7.316 6.25 10.849 -2.266 9.193 -2.367 11.046 8.006 -0.111 -4.766 -14.253 10.554 10.655 0.849 -11.122 -15.988
swt	rbio3.3	2	0	norm	5.478 7.083 17.728 -10.749 -1.375 22.026 1.294 12.32 -2.191 7.497 -21.153 6.978 -3.626 5.259 -2.926 -11.482	3.620828125 4.44815625 5.344296875 5.643765625 5.832109375 5.11640625 3.39265625 1.31340625 -0.391859375 -1.4841875 -1.789234375 -1.435578125 -1.020828125 -0.040125 1.09253125 2.51865625|-1.5344453125 -5.13932421875 2.084546875 6.78275 1.6602890625 -2.92362109375 -5.19767578125 -7.12087109375 -3.3346171875 3.30063671875 4.088890625 0.0328125 -2.8088515625 -0.41956640625 5.04186328125 5.48718359375|5.491125 8.64525 3.330625 0.42275 6.56225 10.113125 7.584625 4.89725 0.885625 -4.522625 -4.83175 -0.72975 1.118875 -1.013625 -4.060875 -1.731875|5.7344375 3.119015625 -23.873921875 7.554546875 18.96625 -13.8031875 4.343984375 -3.84409375 3.553890625 -17.085125 18.23003125 -2.665875 3.898671875 -7.726953125 -8.00184375 11.600171875	5.478 7.083 17.728 -10.749 -1.375 22.026 1.294 12.32 -2.191 7.497 -21.153 6.978 -3.626 5.259 -2.926 -11.482
swt	rbio3.3	2	1	-	-4.315 3.913 37.972 -11.379 -12.996 -8.107 -8.607 20.924 -7.385 -7.309 4.577 16.385 18.625 2.51 -16.315 -1.072	3.784375 1.24475 1.7951875 2.952 -0.59475 6.3846875 0.7889375 8.0723125 1.993625 6.68775 3.9828125 4.9805 6.37275 1.5478125 4.9890625 -0.1398125|-20.20275 11.254375 -19.00025 18.555125 2.68625 9.305375 14.97525 1.926125 7.66725 -8.093125 -2.19975 -14.293375 9.84925 -12.466625 6.22475 -6.187875|12.66781798496 -5.582077707382 10.96121576856 -5.943409272568 -6.049652066442 3.493637829147 -9.969321731254 8.683801603057 0.2817820523028 8.955860937118 8.115110974287 8.539021489609 1.271377992573 4.350828024641 -0.9356790482051 -0.06116473657264|48.77096665956 -18.38541712637 -52.18956278156 6.205414432085 -6.736120168452 26.77926075497 8.576409760664 -26.71730052327 19.57019663534 18.29950365246 8.355306309022 -9.232185008954 -44.84802662589 -2.757075631107 18.50083021131 5.807799450189	-
swt	rbio3.3	2	1	norm	-3.202 11.198 -4.304 7.214 13.266 -11.473 12.873 -7.294 -15.249 11.434 1.494 1.483 -12.625 0.049 6.185 13.546	1.64603125 2.2490625 1.28328125 1.43346875 0.46009375 1.44271875 -1.18590625 2.635 -2.03653125 4.2901875 -1.67378125 5.10578125 -0.85059375 5.09653125 0.79540625 3.90425|5.181375 -9.5889375 -3.789125 -0.5628125 -9.925125 6.3635625 -6.087625 5.3689375 -0.061375 5.0263125 4.136125 4.5141875 4.805125 -1.8009375 5.740625 -9.3203125|-0.383375 7.163625 4.569625 -1.109125 7.358 -4.706625 0.954 0.30375 -5.127125 3.93825 -5.307125 3.697 -2.6285 6.68325 -0.9975 10.186875|-2.8011875 -4.971546875 16.4644375 -14.932078125 -1.25209375 5.398765625 -20.33071875 15.482703125 9.9276875 -9.898703125 -4.4989375 -4.253671875 11.15459375 11.341984375 -8.66378125 1.832546875	-
swt	rbio3.3	-	0	-	1.184 8.784 -12.027 -8.469 -0.178 2.276 2.891 16.597 7.428 9.599 -12.25 11.432 3.209 -10.828 -6.952 -4.841 2.53 8.393 -11.038 -8.071 -8.879 2.507 -0.403 -0.852	2.376342823612 3.811056958368 4.915066090397 5.674863375326 6.094144550939 5.843094022259 4.865579664258 3.378771647107 1.545796190663 -0.2780586931582 -2.011619355585 -3.634898981505 -5.167983822921 -6.2876542653 -6.793578118695 -6.906753873587 -6.735716896616 -6.346576147551 -5.717024617154 -4.853542276162 -3.739738610359 -2.369017639301 -0.8855794279037 0.7144043441393|11.47075387674 14.38377486499 13.82199717175 8.535351992113 1.218701299511 -5.785703053811 -11.79155662239 -14.11188816442 -14.49707491599 -12.197663791 -7.657578360161 -4.388559491077 -1.574394654865 -0.7183617942984 -0.7803165017282 0.6811385608611 2.591627145523 4.698899266078 5.297428558052 3.347036777631 0.7903872490883 -0.3809454919567 1.110025754475 5.93692032489|-3.34153125 -3.65065625 -2.22828125 1.75734375 6.5374375 10.1459375 11.9330625 10.59940625 7.72303125 3.90153125 -0.3849375 -3.0301875 -4.9661875 -5.43821875 -4.89221875 -5.35178125 -6.063625 -7.1088125 -7.48103125 -6.01559375 -3.868125 -1.82878125 -0.92559375 -1.9381875|-16.9602734375 -6.58370703125 8.42406640625 14.32433984375 15.2674140625 9.9513046875 -2.47762890625 -12.70773828125 -9.546578125 -1.01362890625 -5.27164453125 -9.2589296875 0.83474609375 11.26131640625 11.55259765625 -0.65303515625 -13.4131484375 -9.8311640625 3.119078125 10.64108984375 8.81583984375 3.75037890625 -0.34446875 -9.8802265625|3.009623237425 -3.007678693777 -9.348305200677 -6.309513808528 0.1265721138324 5.642712113869 12.05051376498 14.94912123776 9.798378666902 1.9281034156 1.830345903101 3.684910213458 -3.248625329466 -9.717768493847 -7.721075720471 -0.9708576105691 2.98575838356 -2.382242745817 -10.21999108518 -10.49717694341 -4.877269023234 -0.6043995212192 -0.01308147545195 1.657635071797|7.610767062606 -22.49856888419 1.686427576043 10.60691107701 -1.405330533434 -1.388824009511 12.73198792535 -5.960578709099 -4.063698477305 -17.53465718317 27.75197452084 -3.851853705079 -17.8064292551 3.010926965553 4.623925921787 10.49258074933 4.964773487406 -20.78533754172 -0.01096015510839 3.265176047563 10.9601330113 -4.806602539289 -3.901572150631 6.308828798833	1.184 8.784 -12.027 -8.469 -0.178 2.276 2.891 16.597 7.428 9.599 -12.25 11.432 3.209 -10.828 -6.952 -4.841 2.53 8.393 -11.038 -8.071 -8.879 2.507 -0.403 -0.852
swt	rbio3.3	-	0	norm	10.037 14.437 -2.652 -7.354 0.76 9.733 -6.959 13.763 3.204 -10.17 -18.494 11.472 -8.372 5.743 6.161 3.814 1.251 -16.968 12.346 -3.467 2.085 -5.225 -12.628 -10.993	0.459865234375 0.472564453125 0.322623046875 0.15422265625 0.0601875 -0.069791015625 -0.182205078125 -0.25367578125 -0.361078125 -0.4461171875 -0.497349609375 -0.474943359375 -0.5596015625 -0.663791015625 -0.848783203125 -1.0503125 -1.158287109375 -1.085947265625 -0.8847734375 -0.738779296875 -0.5600859375 -0.32591796875 -0.02851171875 0.24448828125|0.1927927246094 -0.4184479980469 -1.385389404297 -2.466235351562 -3.155337890625 -2.788653076172 -0.8561442871094 1.364698730469 2.593658691406 2.756980957031 1.287527587891 -0.2658312988281 -1.320756835937 -2.027659423828 -2.064232666016 -2.391514648437 -2.081263916016 -0.9140017089844 0.8580493164062 2.878722900391 3.770907226562 3.39178125 2.160189453125 0.8801596679688|1.343484375 1.528078125 1.565015625 1.59753125 1.735859375 1.34115625 0.01121875 -1.45684375 -2.384625 -2.490234375 -1.223375 0.252828125 1.0843125 1.360828125 0.6138125 -0.014890625 -0.723546875 -1.521875 -2.161328125 -3.056515625 -3.174484375 -2.336953125 -0.92434375 0.558890625|-6.23441015625 -5.389072265625 1.8220703125 3.955025390625 2.577447265625 0.6995546875 -6.257728515625 -10.16948632812 -1.803794921875 6.273154296875 6.35558984375 5.069236328125 2.193845703125 -3.267166015625 -5.952080078125 -1.55865234375 3.653330078125 1.08404296875 -4.01278515625 -5.88088671875 -3.07466796875 5.708986328125 10.73318359375 3.475263671875|7.472125 4.75475 -1.852625 -1.587625 2.14575 2.855625 4.168625 4.2215 -3.203625 -8.9145 -4.951 -0.431375 1.21825 3.89425 4.614875 0.5485 -3.873875 -2.01025 1.46925 0.371875 -3.189375 -7.808375 -8.256375 -0.132375|2.98384375 -16.61878125 -4.948359375 9.893921875 4.57053125 -11.446671875 15.915265625 -4.308203125 -14.674890625 -2.431171875 21.265796875 -13.62703125 5.671296875 2.992546875 -0.973703125 -5.4903125 -10.351640625 20.872234375 -7.3531875 1.945546875 -4.125640625 -8.63265625 1.0436875 17.827578125	10.037 14.437 -2.652 -7.354 0.76 9.733 -6.959 13.763 3.204 -10.17 -18.494 11.472 -8.372 5.743 6.161 3.814 1.251 -16.968 12.346 -3.467 2.085 -5.225 -12.628 -10.993
