# GENERATED by tools/gen-vectors.py from PyWavelets 1.8.0 — do not edit.
# threshold mode value substitute x y
threshold	soft	1.0	0.0	-3.5 -2 -1.25 -0.5 0 0.5 1 1.25 2 3.5	-2.5 -1 -0.25 -0 0 0 0 0.25 1 2.5
threshold	soft	1.0	-9.0	-3.5 -2 -1.25 -0.5 0 0.5 1 1.25 2 3.5	-2.5 -1 -0.25 -9 -9 -9 0 0.25 1 2.5
threshold	soft	1.25	0.0	-3.5 -2 -1.25 -0.5 0 0.5 1 1.25 2 3.5	-2.25 -0.75 -0 -0 0 0 0 0 0.75 2.25
threshold	soft	1.25	-9.0	-3.5 -2 -1.25 -0.5 0 0.5 1 1.25 2 3.5	-2.25 -0.75 -0 -9 -9 -9 -9 0 0.75 2.25
threshold	soft	2.5	0.0	-3.5 -2 -1.25 -0.5 0 0.5 1 1.25 2 3.5	-1 -0 -0 -0 0 0 0 0 0 1
threshold	soft	2.5	-9.0	-3.5 -2 -1.25 -0.5 0 0.5 1 1.25 2 3.5	-1 -9 -9 -9 -9 -9 -9 -9 -9 1
threshold	hard	1.0	0.0	-3.5 -2 -1.25 -0.5 0 0.5 1 1.25 2 3.5	-3.5 -2 -1.25 0 0 0 1 1.25 2 3.5
threshold	hard	1.0	-9.0	-3.5 -2 -1.25 -0.5 0 0.5 1 1.25 2 3.5	-3.5 -2 -1.25 -9 -9 -9 1 1.25 2 3.5
threshold	hard	1.25	0.0	-3.5 -2 -1.25 -0.5 0 0.5 1 1.25 2 3.5	-3.5 -2 -1.25 0 0 0 0 1.25 2 3.5
threshold	hard	1.25	-9.0	-3.5 -2 -1.25 -0.5 0 0.5 1 1.25 2 3.5	-3.5 -2 -1.25 -9 -9 -9 -9 1.25 2 3.5
threshold	hard	2.5	0.0	-3.5 -2 -1.25 -0.5 0 0.5 1 1.25 2 3.5	-3.5 0 0 0 0 0 0 0 0 3.5
threshold	hard	2.5	-9.0	-3.5 -2 -1.25 -0.5 0 0.5 1 1.25 2 3.5	-3.5 -9 -9 -9 -9 -9 -9 -9 -9 3.5
threshold	garrote	1.0	0.0	-3.5 -2 -1.25 -0.5 0 0.5 1 1.25 2 3.5	-3.214285714286 -1.5 -0.45 -0 0 0 0 0.45 1.5 3.214285714286
threshold	garrote	1.0	-9.0	-3.5 -2 -1.25 -0.5 0 0.5 1 1.25 2 3.5	-3.214285714286 -1.5 -0.45 -9 -9 -9 0 0.45 1.5 3.214285714286
threshold	garrote	1.25	0.0	-3.5 -2 -1.25 -0.5 0 0.5 1 1.25 2 3.5	-3.053571428571 -1.21875 -0 -0 0 0 0 0 1.21875 3.053571428571
threshold	garrote	1.25	-9.0	-3.5 -2 -1.25 -0.5 0 0.5 1 1.25 2 3.5	-3.053571428571 -1.21875 -0 -9 -9 -9 -9 0 1.21875 3.053571428571
threshold	garrote	2.5	0.0	-3.5 -2 -1.25 -0.5 0 0.5 1 1.25 2 3.5	-1.714285714286 -0 -0 -0 0 0 0 0 0 1.714285714286
threshold	garrote	2.5	-9.0	-3.5 -2 -1.25 -0.5 0 0.5 1 1.25 2 3.5	-1.714285714286 -9 -9 -9 -9 -9 -9 -9 -9 1.714285714286
threshold	greater	1.0	0.0	-3.5 -2 -1.25 -0.5 0 0.5 1 1.25 2 3.5	0 0 0 0 0 0 1 1.25 2 3.5
threshold	greater	1.0	-9.0	-3.5 -2 -1.25 -0.5 0 0.5 1 1.25 2 3.5	-9 -9 -9 -9 -9 -9 1 1.25 2 3.5
threshold	greater	1.25	0.0	-3.5 -2 -1.25 -0.5 0 0.5 1 1.25 2 3.5	0 0 0 0 0 0 0 1.25 2 3.5
threshold	greater	1.25	-9.0	-3.5 -2 -1.25 -0.5 0 0.5 1 1.25 2 3.5	-9 -9 -9 -9 -9 -9 -9 1.25 2 3.5
threshold	greater	2.5	0.0	-3.5 -2 -1.25 -0.5 0 0.5 1 1.25 2 3.5	0 0 0 0 0 0 0 0 0 3.5
threshold	greater	2.5	-9.0	-3.5 -2 -1.25 -0.5 0 0.5 1 1.25 2 3.5	-9 -9 -9 -9 -9 -9 -9 -9 -9 3.5
threshold	less	1.0	0.0	-3.5 -2 -1.25 -0.5 0 0.5 1 1.25 2 3.5	-3.5 -2 -1.25 -0.5 0 0.5 1 0 0 0
threshold	less	1.0	-9.0	-3.5 -2 -1.25 -0.5 0 0.5 1 1.25 2 3.5	-3.5 -2 -1.25 -0.5 0 0.5 1 -9 -9 -9
threshold	less	1.25	0.0	-3.5 -2 -1.25 -0.5 0 0.5 1 1.25 2 3.5	-3.5 -2 -1.25 -0.5 0 0.5 1 1.25 0 0
threshold	less	1.25	-9.0	-3.5 -2 -1.25 -0.5 0 0.5 1 1.25 2 3.5	-3.5 -2 -1.25 -0.5 0 0.5 1 1.25 -9 -9
threshold	less	2.5	0.0	-3.5 -2 -1.25 -0.5 0 0.5 1 1.25 2 3.5	-3.5 -2 -1.25 -0.5 0 0.5 1 1.25 2 0
threshold	less	2.5	-9.0	-3.5 -2 -1.25 -0.5 0 0.5 1 1.25 2 3.5	-3.5 -2 -1.25 -0.5 0 0.5 1 1.25 2 -9
